# Datos para variable X5
# Cantidad de datos: 100
# Rango: [0.0, 100.0]

30.8738
14.7457
7.7305
7.0619
12.0439
41.1101
60.3444
97.9647
81.1398
27.7516
90.4776
1.8087
64.8523
98.8267
55.3189
64.6192
57.4868
2.8004
37.0481
24.3648
59.7386
18.2070
14.7952
51.3265
80.2908
80.1906
11.9720
55.9384
50.7498
52.2888
20.7131
91.7409
13.9067
12.5573
41.1966
14.7762
32.9114
70.8822
37.7776
47.5757
34.6677
85.2079
6.1505
35.8259
44.6054
98.4133
66.1678
78.8703
91.9587
74.6956
43.4772
61.3923
64.7787
74.5763
79.7994
12.9443
72.1266
71.0230
16.4548
74.4256
27.2479
75.6848
28.6556
56.1811
99.9948
13.8650
49.1173
31.0840
99.3650
59.6144
8.7020
17.7794
37.7475
18.2017
39.0921
74.2105
97.3110
22.2245
27.9018
39.6146
65.9483
89.7533
90.1713
34.3641
35.2814
78.1527
21.8461
51.3511
56.4600
55.6060
30.6306
50.0472
30.8310
3.8703
97.5154
94.9445
72.0300
60.4200
8.3118
63.7687
