# Datos para variable X11
# Cantidad de datos: 100
# Rango: [0.0, 160.0]

99.2349
132.2948
58.2880
110.5304
15.7264
97.6156
144.8597
47.1782
111.3141
106.9216
116.8238
67.7059
26.7868
62.0520
19.8580
144.0465
68.7666
140.6431
107.0096
94.1743
146.2252
3.9208
36.5633
89.7370
2.3898
134.4095
55.8466
87.5336
131.2992
88.6400
17.1889
29.9962
93.4303
151.3451
159.9057
103.7458
74.9693
104.0392
44.8370
114.1928
150.4603
52.2834
45.6242
88.0652
128.7173
132.3439
103.5659
154.6482
47.0452
119.3584
0.5502
20.4288
128.9686
5.5301
117.2168
60.7438
135.8263
108.2779
81.1584
5.9355
82.7428
124.6727
152.6263
118.4276
54.6462
129.9031
82.8642
41.0370
108.1585
23.9123
112.8470
65.7466
140.3385
81.7601
37.8593
26.0677
65.4158
59.6676
46.0049
115.0296
105.8096
150.1079
146.3946
154.7370
113.8825
125.7154
155.4147
72.3456
76.0359
143.1879
47.1362
91.2094
110.9092
54.7661
116.5811
104.8619
158.6025
96.2802
92.2172
25.3976
