# Datos para variable X17
# Cantidad de datos: 100
# Rango: [0.0, 220.0]

29.9322
110.9136
81.6529
145.3443
118.6678
81.6830
219.2384
171.8171
9.8200
142.7778
106.8487
148.5791
166.5643
195.7426
150.1141
85.3155
41.3601
168.3806
43.8056
6.9278
43.5927
12.5799
58.7420
133.0258
105.3094
42.0538
41.9411
191.6603
121.8872
2.6499
130.7877
48.1845
167.8093
68.5635
83.7690
26.7494
202.9435
105.3518
73.9811
15.4358
91.8047
115.0771
137.1353
136.3983
57.2478
140.2168
213.1999
109.6395
60.8793
91.1615
50.0837
123.1569
205.1885
177.1811
28.9269
163.1988
106.9903
202.6716
103.5872
16.2376
18.2358
179.3050
141.8136
49.0160
28.5879
100.3884
112.3782
4.6392
174.3722
46.2949
161.0858
201.1873
160.6043
59.2662
79.1129
64.6887
56.7602
142.1906
49.5251
50.5440
212.7948
119.1489
182.1036
46.6101
99.6292
25.5749
172.7606
27.1507
47.9174
212.8132
131.8531
179.7296
0.3680
195.6659
95.6053
76.8703
166.2345
182.2001
186.6271
30.9268
