# Datos para variable X10
# Cantidad de datos: 100
# Rango: [0.0, 150.0]

95.1074
110.9665
59.1719
116.4028
103.0710
104.2581
33.6234
38.0388
115.7416
36.6750
67.9528
146.7267
105.2969
138.7201
112.2694
11.1959
25.1196
91.3554
19.0481
131.7875
105.2541
69.9930
58.7889
26.1883
111.5521
21.1795
61.1355
64.5530
123.5295
54.7162
143.7757
90.7365
98.6031
86.8405
68.9337
127.8367
70.2083
77.6614
86.9444
107.4059
24.3226
18.2977
138.2647
32.5407
13.1257
90.1122
39.3293
85.5982
145.9279
140.0630
73.8971
21.5087
46.0771
92.5161
49.9662
97.5690
128.3314
148.8642
12.9457
80.1995
34.1388
11.9939
28.5790
138.4347
62.4150
63.0222
14.1016
82.8926
0.7443
12.7927
3.2952
87.6293
46.4468
100.3766
80.4639
40.6360
8.6680
115.2687
59.9130
6.7712
51.5418
29.0971
21.2483
104.6473
74.5610
136.4860
136.7448
146.4012
29.5622
73.2157
95.1459
16.3795
94.1910
103.0164
36.5592
71.5541
109.3579
92.2158
115.6042
132.9623
