# Datos para variable X13
# Cantidad de datos: 100
# Rango: [0.0, 180.0]

110.2117
33.9562
93.2347
117.6615
64.1247
42.8944
59.6436
62.8320
131.7268
112.9742
172.6209
56.0783
11.6601
78.7692
139.4963
80.2959
5.1143
110.9730
93.7904
10.7716
65.4662
10.7694
45.7986
25.5029
12.2158
131.7651
48.2641
168.4559
67.8015
37.4314
170.4232
61.9206
37.9316
127.3295
23.5653
49.7654
158.7416
76.3553
81.7439
34.6630
137.3912
127.8190
52.3832
129.2539
56.6365
83.3824
73.2668
73.7338
58.4675
160.7094
24.7551
80.4945
87.0750
123.1416
169.0700
50.2199
77.2111
84.7933
82.0948
3.2299
40.4350
79.1670
147.3789
124.8879
148.7852
149.7225
136.8973
54.5291
83.0960
16.7902
48.6061
173.6385
1.4763
76.8008
166.9455
70.9016
72.3940
97.0102
139.1827
59.2691
146.3620
81.7321
97.8486
93.3232
150.3954
64.5449
67.5108
64.0010
40.2114
105.0256
112.7403
52.1266
136.5691
178.2657
53.3643
122.2215
124.1975
40.7610
112.9644
153.7089
