# Datos para variable X1
# Cantidad de datos: 100
# Rango: [0.0, 60.0]

23.5290
18.3326
46.1294
8.6066
3.1252
37.1129
46.1440
56.4985
16.1177
41.4073
39.7616
29.0167
12.9454
9.2148
8.3530
22.1474
22.6022
21.1766
36.2960
34.7386
41.8703
9.8170
27.0783
24.8487
35.9514
41.3793
29.4609
15.6532
11.1936
15.9548
51.3831
34.7592
58.8000
30.8758
53.4144
43.4914
13.4596
33.4976
4.5516
57.3038
22.7767
52.5224
51.0315
14.9373
42.1839
41.9185
13.5787
22.2805
55.7063
18.2686
30.1229
57.1082
55.5029
1.0293
59.5225
12.9611
52.5470
15.7145
37.1982
24.3951
57.1126
32.4174
25.8286
51.6684
40.9206
46.3602
33.3797
10.6492
12.8552
3.3177
56.7370
53.3176
27.0953
30.7834
12.0792
35.6984
36.3138
35.6538
12.8799
33.4038
3.2818
50.9787
53.0440
20.1771
31.7735
57.9837
6.1800
11.9209
32.0997
35.0926
22.3846
37.6555
37.9090
13.0838
51.1581
29.6967
39.0761
24.7902
23.1912
8.0516
