# Datos para variable X3
# Cantidad de datos: 100
# Rango: [0.0, 80.0]

34.7729
47.6149
72.5729
24.8331
28.2584
79.9982
72.7847
13.0677
9.7612
24.1797
39.6351
17.0309
43.5509
4.4134
28.2811
16.7786
6.5059
23.0010
55.6207
75.4698
78.2511
72.4498
55.0810
63.7789
73.0331
37.0995
48.1049
7.9284
2.3384
6.1358
19.8207
3.2985
19.8397
10.6095
50.2043
57.5223
45.3329
30.2844
18.3745
11.4289
51.9051
71.8394
26.4871
73.1478
30.6534
38.1542
61.0251
50.1448
19.8496
69.1105
3.1066
75.9082
20.5284
37.5441
35.7638
62.4625
78.0500
9.6862
54.9714
66.8335
49.2701
47.6355
72.5334
39.0492
37.5261
62.1053
42.7637
61.2066
2.7265
36.8942
11.2252
71.5942
1.4106
2.2302
52.6189
74.8083
1.7213
32.3437
56.2443
48.2563
10.8132
3.3242
31.2790
47.3945
67.2965
70.5240
0.4543
26.4980
48.8942
50.4692
9.5320
28.7163
25.5695
0.4468
21.3144
18.6200
10.9578
79.6367
6.7498
12.3970
