# Datos para variable X2
# Cantidad de datos: 100
# Rango: [0.0, 70.0]

12.3181
10.3899
5.5553
56.7326
45.5393
23.9005
19.0738
59.8618
20.9310
18.2467
25.4567
2.6834
43.4340
40.4537
53.8565
41.2229
42.7935
54.3926
32.9452
44.8876
1.2838
45.0263
0.4641
55.0089
60.6560
41.7825
33.8821
58.2563
15.7297
49.5353
10.9081
59.8500
47.1200
22.8589
27.2640
6.0149
15.3436
28.5776
27.4739
16.8320
32.9957
53.1941
62.4653
29.5381
50.8147
45.5130
5.4977
58.4080
17.2758
30.7086
35.3518
10.6260
29.8562
10.1982
22.8069
38.0128
49.3100
11.9877
13.2259
2.1184
6.1704
48.6429
24.5365
5.0282
61.2680
44.7214
6.0662
0.2483
49.3050
32.3632
19.5312
17.2478
26.4747
32.7897
9.0211
69.6300
69.7396
52.7051
22.0454
30.4892
56.7063
28.0169
38.6168
29.2827
61.0366
2.9112
29.9508
62.5031
69.0299
30.1195
42.6428
25.5870
48.3924
18.2046
68.1636
5.8264
0.2757
3.8697
1.1731
45.5722
