# Datos para variable X16
# Cantidad de datos: 100
# Rango: [0.0, 210.0]

116.4136
122.8090
110.1455
94.0617
176.2952
197.6692
180.0451
117.2334
198.1494
10.5592
147.7518
165.4837
104.4720
81.2351
106.5657
195.2098
157.4890
30.5706
96.4965
98.2944
118.3496
144.4421
26.9822
112.7448
170.5333
146.8833
83.7277
120.8885
68.6992
79.2695
193.2987
97.1409
101.2889
0.6979
206.9700
67.8060
46.3341
69.7035
152.2499
37.3663
175.1266
68.9809
166.4881
19.2882
17.6750
192.8801
52.0257
104.4934
67.2046
122.1008
36.4550
197.3352
18.3454
171.2322
144.7306
117.1746
75.1137
152.5664
82.1116
53.4606
190.3054
53.9616
198.2119
133.6001
117.5017
179.4370
102.7968
105.8396
0.5314
148.6549
163.3893
183.8844
122.9353
5.4748
93.2339
56.0446
21.7501
46.3649
135.7175
49.3251
175.7572
56.6098
77.9538
208.0644
48.2332
205.9771
11.9166
47.4812
98.1968
75.7881
176.2395
34.8015
182.1625
166.1819
135.6010
54.5139
90.4910
55.7731
117.4737
179.7442
