# Datos para variable X4
# Cantidad de datos: 100
# Rango: [0.0, 90.0]

78.7678
54.9681
81.0241
28.4732
76.9258
1.9406
10.5049
25.8508
21.3663
42.9042
34.2780
59.0759
38.4446
80.8584
40.3950
46.6294
52.0999
52.9806
77.4433
30.3093
42.7841
4.9190
2.2308
16.3814
3.0134
50.6952
7.4559
28.7352
43.4389
60.1485
86.6980
59.9250
74.0373
55.7057
33.6816
60.9874
46.0545
22.9286
7.6978
73.7506
41.6684
64.7678
67.3150
79.9819
29.9908
7.7442
60.0624
10.1707
69.9890
69.3808
36.6421
11.0015
73.1832
40.1271
74.4066
54.6452
61.5659
89.7419
16.3324
64.8807
59.0877
87.6469
18.5267
4.7572
88.2659
79.1118
61.4241
28.0165
77.0022
54.3015
77.2620
61.8166
54.5282
25.1927
19.1657
21.4339
39.5507
76.1579
45.2336
48.5675
8.1330
57.6200
64.3797
23.6295
33.6198
38.5948
49.3733
28.9765
16.0047
33.1690
26.5105
64.4235
63.5383
47.9999
50.6569
18.5784
75.0882
72.7797
9.0223
49.5436
