# Datos para variable X6
# Cantidad de datos: 100
# Rango: [0.0, 110.0]

15.0069
6.4796
9.5567
96.4436
57.5394
3.9720
86.3346
83.1430
10.9836
2.2229
100.6614
19.6444
78.1699
19.6838
28.0619
66.8303
0.1394
31.4023
15.1209
101.5917
81.7950
16.0436
92.7288
91.4758
78.0673
12.3712
17.8403
88.0609
37.9088
50.6443
57.8741
67.2253
12.2910
69.4184
54.9560
22.4765
87.1705
66.7026
11.2222
73.9415
23.1256
106.3322
41.3505
100.4922
90.0323
55.7546
94.3770
75.7905
37.7580
70.2100
13.6798
60.7855
22.3951
20.4997
41.7767
45.3816
82.0388
67.1941
15.2844
30.6184
46.5348
13.2221
45.0259
9.7640
101.9781
69.3118
46.8477
42.2216
103.0409
2.7212
100.2236
108.0856
64.4380
79.1017
4.1718
83.5541
107.0104
10.1776
83.4024
8.2184
4.0129
106.2043
101.9354
44.4954
99.2381
101.8878
76.6975
27.1556
40.5908
107.5965
109.8027
47.0233
60.6465
74.2948
55.3627
57.4840
89.5867
70.6511
44.7504
25.4332
