# Datos para variable X20
# Cantidad de datos: 100
# Rango: [0.0, 250.0]

118.1831
180.3391
193.6419
211.2580
178.4414
4.3979
29.8710
151.7887
83.9928
137.9578
132.6524
224.6256
126.6690
125.5118
236.0406
24.1249
44.1426
209.9164
148.0350
138.6966
248.5433
17.0362
125.5977
245.5123
19.1287
195.2213
127.7921
146.7734
204.9766
11.9434
148.4049
128.8964
249.5351
201.1778
36.6891
164.8852
60.0475
154.1915
242.4547
1.8907
151.3661
103.2784
19.6317
80.4991
95.4710
12.6859
40.6474
19.6425
105.1337
213.4808
112.4791
71.1924
72.5943
149.4301
244.0880
1.2749
71.8649
189.1020
194.0842
41.1380
216.3315
55.3444
76.9413
119.0038
91.6918
27.0543
125.8488
35.7549
7.9511
179.7262
50.3846
81.5340
33.1907
50.6504
87.5833
57.3744
186.1313
241.8314
75.6964
15.8343
24.1317
108.7044
180.9591
17.2744
168.1961
75.5518
29.0208
63.8935
56.8052
19.1547
184.3448
121.9329
165.9469
70.6645
182.8461
23.5592
73.5869
101.9349
155.3121
53.8530
