# Datos para variable X9
# Cantidad de datos: 100
# Rango: [0.0, 140.0]

79.7801
107.3944
63.1083
89.9340
105.2415
0.1460
33.0610
129.1213
13.2715
111.4040
36.5413
16.4612
99.3119
137.5352
48.9511
97.8689
136.8243
28.3434
121.1742
91.2715
85.0885
4.3134
19.1034
42.7606
120.1631
3.9962
32.9251
45.7179
12.1542
40.0866
49.7637
74.6582
2.6959
82.7221
71.2382
90.1998
16.6868
132.8881
4.8077
10.6150
31.8360
117.5452
64.4807
58.8337
28.4579
31.2001
82.5389
41.5630
90.2211
6.1202
39.3728
119.3563
124.1879
95.2513
43.3552
43.0070
55.4975
78.1229
116.8712
82.5591
48.4290
130.6370
68.2051
40.5227
91.3447
94.6119
111.9278
120.5479
138.1488
102.3098
102.7551
36.8538
43.4105
114.9094
49.5472
138.1284
42.1847
121.9861
37.1915
102.4079
88.8283
81.5465
44.5627
116.6105
61.7429
77.0174
26.5766
125.9451
62.9904
48.8207
127.5537
4.3309
33.1125
3.7710
11.6831
57.2586
102.2462
75.5125
74.3268
3.1907
