# Datos para variable X18
# Cantidad de datos: 100
# Rango: [0.0, 230.0]

54.1615
65.4997
212.4067
14.7450
164.9939
186.8142
12.8551
173.4839
150.2018
152.2460
166.7503
49.9889
40.9392
19.1280
216.0799
39.8765
59.7971
59.0530
158.3206
97.1768
214.8622
81.1226
150.1909
213.6672
116.9702
170.5582
146.8777
56.8356
194.0261
220.9249
153.8862
86.2445
186.4883
146.8094
104.9773
26.4992
188.0245
49.5588
0.6671
125.6319
194.9469
221.6511
97.4529
60.5240
187.3238
115.4105
158.3124
145.9714
33.6351
169.1180
200.0917
101.1829
99.5049
208.0871
153.1519
206.8595
149.3935
49.9841
93.0898
67.5621
218.1650
82.5688
113.4756
17.8099
57.1762
8.1161
62.3737
146.2829
206.9412
132.0499
123.9132
140.6157
115.5260
123.7788
139.3727
5.5725
128.6168
55.3714
130.1212
59.8847
3.6764
8.5421
147.3288
81.7076
206.7703
62.4392
200.6126
209.5218
46.4884
183.9369
29.7309
94.3535
204.9292
18.5296
90.0658
150.4313
90.9361
213.5091
123.9568
124.8231
