# Datos para variable X7
# Cantidad de datos: 100
# Rango: [0.0, 120.0]

6.2141
15.5401
58.0901
21.5325
4.7365
6.2172
44.7039
98.3479
8.7505
92.6208
89.3086
95.9335
41.1042
89.7564
6.8447
50.4044
64.3947
5.7235
104.3334
68.8619
116.8447
77.1644
34.0302
103.5040
19.3159
42.0960
112.8902
51.4557
6.1868
30.9685
16.2916
48.7220
51.6895
57.8489
4.7003
94.5943
95.9198
18.4323
86.4542
114.5222
101.0983
70.1387
78.0871
4.8925
8.7819
81.8574
75.6029
102.3344
62.5881
96.9560
75.8555
3.1039
48.6139
52.9754
106.6798
84.7757
67.0988
24.9877
77.6626
12.9029
3.9964
6.8974
50.4335
109.4851
79.9883
76.0217
28.0996
78.0132
77.0903
21.0907
37.9376
101.5394
119.3683
72.3623
109.7021
115.6533
94.3981
94.8509
53.8978
107.4193
25.9713
51.7261
0.1089
4.2660
26.1658
34.7383
24.9671
93.4944
26.2669
12.0867
2.5873
73.5012
71.1431
101.4477
47.2859
101.9966
0.5458
76.9363
109.1440
54.4211
