# Datos para variable X8
# Cantidad de datos: 100
# Rango: [0.0, 130.0]

36.2070
3.8780
73.0902
40.5702
84.1665
1.5536
49.2265
106.0547
30.4098
101.5984
44.6864
72.0666
52.3902
97.4018
18.1218
64.0932
24.1413
13.7972
69.3539
4.6399
41.4660
113.9542
112.7022
126.2125
74.4984
17.8048
127.2414
53.9519
122.8328
108.5652
10.6072
67.2020
127.9115
56.6186
72.0064
112.7777
128.4310
56.7946
45.6853
35.2518
7.1524
85.9085
98.2629
101.1855
1.6889
12.3185
62.0623
84.9073
7.5991
128.2115
91.8511
33.1755
69.4260
108.3481
74.2530
84.8625
84.2008
116.0757
77.4961
19.6595
12.3676
108.5627
24.1366
106.7216
63.0904
28.4100
110.9298
70.1640
24.4653
68.0657
118.1154
3.3643
94.2883
76.7975
75.0419
108.1405
13.7209
57.3704
10.2774
38.0464
74.4439
81.0317
2.1343
127.2640
9.7070
54.9248
69.8843
37.8683
51.0591
65.6309
16.8465
58.6055
35.4800
106.1818
74.0025
37.7451
12.1407
111.5916
66.8243
121.0573
