# Datos para variable X14
# Cantidad de datos: 100
# Rango: [0.0, 190.0]

152.4582
102.6209
165.7915
145.5563
111.8887
20.4976
167.3849
143.5666
34.0529
21.5786
20.8666
122.5496
124.4232
26.8909
171.5100
110.5353
24.1771
151.7517
75.1256
151.0835
93.1754
164.1085
39.1308
134.2057
13.5653
128.5795
27.4404
121.0181
94.5502
176.5391
102.5074
132.7160
185.2997
93.3219
79.7464
59.4134
157.8509
80.2904
134.9142
40.2788
115.1597
162.1206
153.8016
133.2256
41.2097
188.2001
75.8080
80.1780
130.2727
21.5214
18.6213
162.6352
141.0356
8.8678
120.3242
61.8949
28.3725
52.4507
97.7679
58.8742
181.0347
105.4494
156.0307
89.9781
187.4704
112.1381
113.1758
177.9190
164.3573
27.4556
97.3687
179.7766
73.2416
130.9773
179.6916
58.9172
139.9262
106.2987
55.7113
122.6513
28.9344
78.8179
82.0081
143.7137
131.5017
132.8270
90.4685
40.7838
120.1044
132.6792
113.1721
101.3461
105.5370
142.5918
94.1683
29.1986
113.9801
25.3802
61.3471
158.8732
