# Datos para variable X12
# Cantidad de datos: 100
# Rango: [0.0, 170.0]

135.9974
7.6045
70.8788
28.3988
47.1834
158.5166
140.9018
18.1620
84.9440
156.4971
76.8729
99.9936
15.0438
145.3518
169.4317
169.5355
24.0192
72.7224
43.3585
106.2554
134.1753
14.1155
156.1570
141.5519
164.5281
70.7269
0.9819
169.4034
1.9965
32.5645
2.6371
127.5543
85.4390
3.9328
83.8138
59.1960
66.2354
119.2064
94.9997
137.3730
133.0267
23.0067
15.5614
146.9346
164.9586
150.3849
115.3879
111.7522
27.3125
49.4267
26.1805
88.1348
25.7609
50.8074
88.9826
28.9010
110.6538
26.2624
59.8664
26.4045
40.7168
50.6801
38.8293
56.9581
6.3344
160.5806
127.8973
143.5677
166.1973
5.1142
103.1945
168.6594
37.5059
74.3931
112.3102
33.5732
109.1507
113.9673
122.6784
36.9972
89.3345
73.5578
88.8827
100.2266
93.9508
152.7839
126.8105
73.1607
159.7017
136.5493
70.3991
81.2860
16.4147
147.9990
132.3556
90.5459
86.3125
87.5122
153.6768
43.9590
