# Datos para variable X19
# Cantidad de datos: 100
# Rango: [0.0, 240.0]

58.1098
37.4391
100.1195
106.6565
130.7992
120.4378
188.5690
228.2895
218.8761
102.7380
206.3885
218.2145
229.6958
146.3366
132.8859
54.6721
2.4882
45.2035
47.9410
29.2994
194.2139
37.6562
115.4645
29.7638
221.3745
135.0729
129.5719
98.0635
98.5454
136.4449
179.6707
174.1151
182.1342
190.3745
102.1457
120.1012
103.1035
185.7397
205.3070
114.4157
115.1292
199.3512
80.7561
144.8998
134.9022
23.5394
148.3032
179.4250
69.0125
238.7185
3.0575
47.7341
87.0929
225.5820
162.2970
211.8158
33.6308
168.6959
6.2036
152.9429
51.0925
87.8636
10.5415
221.8679
114.7385
125.7468
60.8331
204.5249
154.7422
239.8350
116.5776
108.9507
123.9603
13.9671
40.5381
179.9919
119.9342
199.2159
182.1081
56.7308
167.4413
96.0584
25.2538
23.4152
153.1435
199.3615
0.5118
148.0428
36.6202
44.8235
217.0062
233.6053
42.3025
120.1212
194.4348
205.3608
64.5642
116.1216
146.4561
23.3594
