# Datos para variable X15
# Cantidad de datos: 100
# Rango: [0.0, 200.0]

96.1891
33.7755
33.6259
189.5961
169.2248
23.2366
9.4825
113.0603
47.2347
101.7939
45.6425
55.0053
85.9695
135.9876
6.5810
10.2249
46.2233
72.2612
159.9966
121.2599
164.2307
81.8355
102.5218
34.9984
128.4326
179.5245
142.8808
154.1445
81.2209
11.1300
144.7935
115.7884
45.7175
155.8059
166.4997
59.1933
15.3363
147.7946
24.5925
181.0473
137.8257
86.1924
156.9255
118.8116
175.6812
171.9110
62.6736
51.4291
131.2643
187.7592
157.2016
61.5391
187.6599
20.5763
95.2132
64.4790
135.2483
13.6072
87.7229
76.7346
29.1651
32.8163
66.7154
170.1344
154.2639
32.5964
135.9255
137.9655
61.8978
14.3345
186.9932
85.3221
86.7756
185.5566
57.3176
48.3809
152.3462
47.8795
159.2558
145.9288
29.6110
68.7563
119.8804
71.3520
126.9571
125.0106
36.3322
144.4303
157.5518
45.4107
73.8730
59.6590
56.0310
125.0442
112.0646
91.4577
97.6644
36.0112
179.0712
46.5067
